20
0 1 1
0 2 1
0 3 1
0 4 1
0 5 1
0 6 1
0 7 1
0 8 1
0 9 1
1 10 1
1 11 1
1 12 1
1 13 1
1 14 1
1 15 1
1 16 1
1 17 1
1 18 1
2 10 1
2 11 1
2 12 1
2 13 1
2 14 1
2 15 1
2 16 1
2 17 1
2 18 1
3 10 1
3 11 0
3 12 0
3 13 0
3 14 0
3 15 0
3 16 0
3 17 0
3 18 0
4 10 1
4 11 1
4 12 1
4 13 1
4 14 1
4 15 1
4 16 1
4 17 1
4 18 1
5 10 1
5 11 1
5 12 1
5 13 1
5 14 1
5 15 1
5 16 1
5 17 1
5 18 1
6 10 0
6 11 0
6 12 0
6 13 0
6 14 0
6 15 1
6 16 0
6 17 0
6 18 0
7 10 0
7 11 0
7 12 1
7 13 0
7 14 0
7 15 0
7 16 0
7 17 0
7 18 0
8 10 0
8 11 0
8 12 0
8 13 0
8 14 0
8 15 0
8 16 1
8 17 0
8 18 0
9 10 0
9 11 0
9 12 0
9 13 0
9 14 0
9 15 0
9 16 0
9 17 1
9 18 0
10 19 1
11 19 1
12 19 1
13 19 1
14 19 1
15 19 1
16 19 1
17 19 1
18 19 1
